         Northeast	          Southeast	          southAsia	           WestAsia	
Ngari   	0.562 +_0.078	    	0.048 +_0.080	    	0.309 +_0.080	    	0.080 +_0.067	  
Qamdo   	0.514 +_0.069	    	0.188 +_0.070	    	0.173 +_0.070	    	0.125 +_0.059	  
Lhasa   	0.527 +_0.067	    	0.083 +_0.068	    	0.274 +_0.068	    	0.116 +_0.057	  
Nagqu   	0.437 +_0.074	    	0.174 +_0.075	    	0.206 +_0.075	    	0.182 +_0.063	  
Nyingchi   	0.537 +_0.076	    	0.062 +_0.077	    	0.240 +_0.077	    	0.161 +_0.064	  
Xigazê   	0.518 +_0.072	    	0.137 +_0.073	    	0.255 +_0.073	    	0.090 +_0.061	  
Shannan   	0.569 +_0.074	    	0.000 +_0.075	    	0.291 +_0.075	    	0.140 +_0.063	  
Aba   	0.467 +_0.102	    	0.065 +_0.103	    	0.126 +_0.103	    	0.343 +_0.087	  
Garzê   	0.538 +_0.097	    	0.146 +_0.098	    	0.124 +_0.098	    	0.192 +_0.082	  
Qinghai   	0.506 +_0.051	    	0.197 +_0.052	    	0.150 +_0.052	    	0.148 +_0.043	  
Yunnan   	0.524 +_0.060	    	0.180 +_0.060	    	0.168 +_0.061	    	0.127 +_0.051	  
Gannan   	0.543 +_0.068	    	0.139 +_0.069	    	0.141 +_0.069	    	0.177 +_0.057	  
Tianzhu   	0.573 +_0.040	    	0.135 +_0.041	    	0.125 +_0.041	    	0.166 +_0.034	  
